#  USA 25 AIRFOIL (usa25-il)                       
#  alpha =   2.0000
#  Mach  =   0.0000
#  Reyn  =   200000
#  Ncrit =   9.0000
#
#    x           cf
   0.11627E-01  0.45546E-03
   0.10012E-04  0.15558E-02
  -0.59873E-02  0.11325E-02
  -0.65046E-02  0.21524E-02
  -0.16950E-02  0.37525E-02
   0.83473E-02  0.13756E-02
   0.23583E-01  0.46921E-02
   0.44022E-01  0.21109E-02
   0.69730E-01  0.37533E-02
   0.10083      0.24959E-02
   0.13749      0.34679E-02
   0.17997      0.38994E-02
   0.22860      0.15008E-02
   0.28380      0.30879E-02
   0.34610      0.17863E-02
   0.41621      0.32887E-02
   0.49502      0.18745E-02
   0.58368      0.19211E-02
   0.68372      0.12023E-02
   0.79710      0.22947E-02
   0.92643      0.12334E-02
    1.0748      0.15219E-02
    1.2451      0.15793E-02
    1.4382      0.13102E-02
    1.6543      0.25424E-02
    1.8885      0.22372E-02
    2.1306      0.27538E-02
    2.3745      0.26889E-02
    2.6237      0.23612E-02
    2.8847      0.21679E-02
    3.1625      0.18462E-02
    3.4626      0.17735E-02
    3.7919      0.15293E-02
    4.1591      0.13814E-02
    4.5745      0.12932E-02
    5.0459      0.12150E-02
    5.5677      0.12440E-02
    6.1201      0.12886E-02
    6.6795      0.12686E-02
    7.2308      0.13732E-02
    7.7721      0.13367E-02
    8.3080      0.12530E-02
    8.8432      0.13364E-02
    9.3809      0.13349E-02
    9.9240      0.11411E-02
    10.474      0.11785E-02
    11.034      0.96590E-03
    11.604      0.88068E-03
    12.185      0.78875E-03
    12.779      0.71982E-03
    13.385      0.67074E-03
    14.003      0.56895E-03
    14.633      0.55255E-03
    15.270      0.50377E-03
    15.914      0.60808E-03
    16.561      0.61886E-03
    17.209      0.63001E-03
    17.856      0.63077E-03
    18.501      0.67697E-03
    19.144      0.61579E-03
    19.784      0.67835E-03
    20.421      0.62872E-03
    21.056      0.63033E-03
    21.689      0.60666E-03
    22.321      0.61064E-03
    22.951      0.56700E-03
    23.581      0.59452E-03
    24.210      0.53520E-03
    24.839      0.53527E-03
    25.468      0.53170E-03
    26.098      0.50880E-03
    26.728      0.26735E-02
    27.359      0.52365E-02
    27.992      0.63562E-02
    28.627      0.65240E-02
    29.263      0.63214E-02
    29.902      0.61161E-02
    30.544      0.58792E-02
    31.189      0.56848E-02
    31.837      0.55073E-02
    32.488      0.53204E-02
    33.144      0.51671E-02
    33.804      0.50014E-02
    34.468      0.49120E-02
    35.136      0.47137E-02
    35.809      0.46154E-02
    36.487      0.45272E-02
    37.168      0.43773E-02
    37.854      0.42905E-02
    38.543      0.42016E-02
    39.235      0.41211E-02
    39.930      0.40364E-02
    40.628      0.40015E-02
    41.325      0.39552E-02
    42.022      0.39083E-02
    42.719      0.38790E-02
    43.415      0.38571E-02
    44.112      0.38427E-02
    44.810      0.38275E-02
    45.507      0.37527E-02
    46.202      0.37884E-02
    46.896      0.37134E-02
    47.589      0.37166E-02
    48.280      0.36952E-02
    48.970      0.36775E-02
    49.658      0.36472E-02
    50.345      0.36291E-02
    51.032      0.35956E-02
    51.718      0.35760E-02
    52.404      0.35809E-02
    53.089      0.35080E-02
    53.774      0.35201E-02
    54.459      0.34810E-02
    55.145      0.34460E-02
    55.830      0.34436E-02
    56.516      0.34294E-02
    57.201      0.33999E-02
    57.886      0.33632E-02
    58.572      0.33330E-02
    59.257      0.33448E-02
    59.941      0.33183E-02
    60.625      0.32765E-02
    61.308      0.32756E-02
    61.989      0.32644E-02
    62.670      0.32320E-02
    63.349      0.31985E-02
    64.028      0.32225E-02
    64.705      0.31361E-02
    65.381      0.31128E-02
    66.055      0.31599E-02
    66.730      0.31180E-02
    67.403      0.30838E-02
    68.076      0.30567E-02
    68.749      0.30031E-02
    69.422      0.30237E-02
    70.096      0.29549E-02
    70.771      0.29857E-02
    71.447      0.28587E-02
    72.125      0.29192E-02
    72.805      0.28283E-02
    73.487      0.27915E-02
    74.172      0.27737E-02
    74.858      0.27283E-02
    75.546      0.26968E-02
    76.235      0.26449E-02
    76.926      0.26516E-02
    77.616      0.26080E-02
    78.307      0.25603E-02
    78.996      0.25367E-02
    79.684      0.25104E-02
    80.368      0.24567E-02
    81.049      0.25150E-02
    81.725      0.24519E-02
    82.396      0.24599E-02
    83.061      0.24353E-02
    83.721      0.24324E-02
    84.375      0.24082E-02
    85.025      0.23756E-02
    85.670      0.23640E-02
    86.312      0.23540E-02
    86.950      0.22872E-02
    87.587      0.22227E-02
    88.223      0.22513E-02
    88.860      0.21804E-02
    89.499      0.21076E-02
    90.142      0.21316E-02
    90.791      0.19899E-02
    91.447      0.19336E-02
    92.110      0.18663E-02
    92.777      0.17115E-02
    93.444      0.17096E-02
    94.106      0.15529E-02
    94.754      0.14531E-02
    95.383      0.13303E-02
    95.985      0.12210E-02
    96.557      0.11628E-02
    97.098      0.10271E-02
    97.608      0.92698E-03
    98.088      0.83060E-03
    98.541      0.73519E-03
    98.968      0.62993E-03
    99.372      0.56331E-03
    99.755      0.45420E-03
    100.00      0.35246E-03
    100.00       0.0000    
    100.25       0.0000    
    100.53       0.0000    
    100.85       0.0000    
    101.20       0.0000    
    101.59       0.0000    
    102.03       0.0000    
    102.52       0.0000    
    103.07       0.0000    
    103.68       0.0000    
    104.36       0.0000    
    105.12       0.0000    
    105.97       0.0000    
    106.92       0.0000    
    107.97       0.0000    
    109.15       0.0000    
    110.47       0.0000    
    111.94       0.0000    
    113.58       0.0000    
    115.42       0.0000    
    117.46       0.0000    
    119.74       0.0000    
    122.29       0.0000    
    125.13       0.0000    
    128.31       0.0000    
    131.85       0.0000    
    135.81       0.0000    
    140.22       0.0000    
    145.14       0.0000    
    150.64       0.0000    
    156.78       0.0000    
    163.62       0.0000    
    171.26       0.0000    
    179.79       0.0000    
    189.31       0.0000    
    199.93       0.0000    

   0.28753E-01  0.14756E-03
   0.51267E-01  0.17596E-03
   0.79097E-01  0.25541E-02
   0.11223      0.37295E-03
   0.15070      0.12458E-02
   0.19459      0.46493E-02
   0.24403     -0.84974E-04
   0.29922      0.50429E-02
   0.36039      0.86336E-03
   0.42786      0.34603E-02
   0.50202      0.43585E-02
   0.58334      0.14096E-02
   0.67240      0.48727E-02
   0.76987      0.21178E-02
   0.87657      0.34504E-02
   0.99341      0.45771E-02
    1.1214      0.24921E-02
    1.2613      0.35596E-02
    1.4140      0.29878E-02
    1.5814      0.18626E-02
    1.7661      0.16074E-02
    1.9711      0.42276E-03
    2.1996      0.56350E-03
    2.4552      0.25297E-02
    2.7410      0.38585E-02
    3.0588      0.41959E-02
    3.4073      0.40764E-02
    3.7816      0.39344E-02
    4.1739      0.43662E-02
    4.5776      0.43182E-02
    4.9903      0.42752E-02
    5.4163      0.41470E-02
    5.8653      0.37923E-02
    6.3488      0.34556E-02
    6.8794      0.31865E-02
    7.4671      0.29632E-02
    8.1062      0.28912E-02
    8.7700      0.28353E-02
    9.4316      0.27593E-02
    10.079      0.27344E-02
    10.714      0.27236E-02
    11.343      0.25310E-02
    11.973      0.24364E-02
    12.607      0.23602E-02
    13.249      0.22721E-02
    13.900      0.21584E-02
    14.561      0.21210E-02
    15.231      0.20316E-02
    15.907      0.19723E-02
    16.586      0.19575E-02
    17.265      0.18823E-02
    17.943      0.18683E-02
    18.618      0.18345E-02
    19.288      0.17892E-02
    19.955      0.17952E-02
    20.617      0.17363E-02
    21.276      0.17341E-02
    21.931      0.17232E-02
    22.584      0.16847E-02
    23.235      0.16759E-02
    23.884      0.16585E-02
    24.532      0.16571E-02
    25.179      0.16409E-02
    25.825      0.16254E-02
    26.470      0.16110E-02
    27.116      0.16280E-02
    27.762      0.16053E-02
    28.408      0.16184E-02
    29.055      0.16085E-02
    29.704      0.16225E-02
    30.354      0.16412E-02
    31.006      0.16497E-02
    31.660      0.16672E-02
    32.316      0.16789E-02
    32.974      0.17178E-02
    33.636      0.17291E-02
    34.300      0.17421E-02
    34.967      0.17904E-02
    35.638      0.18047E-02
    36.311      0.18300E-02
    36.987      0.18498E-02
    37.666      0.18700E-02
    38.347      0.19078E-02
    39.031      0.19163E-02
    39.718      0.19475E-02
    40.406      0.19539E-02
    41.095      0.19760E-02
    41.786      0.19785E-02
    42.478      0.20023E-02
    43.170      0.19991E-02
    43.862      0.20173E-02
    44.555      0.20315E-02
    45.247      0.20330E-02
    45.939      0.20518E-02
    46.631      0.20478E-02
    47.322      0.20517E-02
    48.012      0.20840E-02
    48.702      0.20884E-02
    49.392      0.21019E-02
    50.080      0.21052E-02
    50.769      0.21153E-02
    51.457      0.21580E-02
    52.145      0.21359E-02
    52.832      0.21961E-02
    53.520      0.21758E-02
    54.207      0.22056E-02
    54.894      0.22209E-02
    55.582      0.22426E-02
    56.269      0.22833E-02
    56.955      0.22515E-02
    57.642      0.23101E-02
    58.329      0.23192E-02
    59.015      0.23248E-02
    59.700      0.23299E-02
    60.386      0.23486E-02
    61.070      0.23526E-02
    61.754      0.23646E-02
    62.437      0.23535E-02
    63.120      0.23711E-02
    63.801      0.23874E-02
    64.482      0.23905E-02
    65.162      0.23644E-02
    65.842      0.24078E-02
    66.521      0.23777E-02
    67.199      0.24001E-02
    67.877      0.23945E-02
    68.555      0.23764E-02
    69.233      0.23988E-02
    69.911      0.23544E-02
    70.589      0.23943E-02
    71.268      0.23541E-02
    71.949      0.23385E-02
    72.630      0.23464E-02
    73.312      0.23359E-02
    73.995      0.22768E-02
    74.680      0.22940E-02
    75.365      0.22898E-02
    76.052      0.22233E-02
    76.739      0.22888E-02
    77.426      0.22356E-02
    78.114      0.21863E-02
    78.802      0.22200E-02
    79.489      0.21824E-02
    80.174      0.21797E-02
    80.859      0.21366E-02
    81.541      0.21493E-02
    82.221      0.21281E-02
    82.899      0.20970E-02
    83.575      0.20779E-02
    84.248      0.20655E-02
    84.920      0.20932E-02
    85.591      0.20125E-02
    86.261      0.19968E-02
    86.931      0.20043E-02
    87.602      0.20018E-02
    88.275      0.19372E-02
    88.950      0.19271E-02
    89.631      0.19189E-02
    90.317      0.18472E-02
    91.010      0.18487E-02
    91.706      0.17937E-02
    92.398      0.17815E-02
    93.087      0.17258E-02
    93.782      0.17221E-02
    94.471      0.16275E-02
    95.140      0.16527E-02
    95.780      0.16086E-02
    96.387      0.15463E-02
    96.959      0.15384E-02
    97.497      0.15132E-02
    98.002      0.14311E-02
    98.477      0.14533E-02
    98.924      0.13668E-02
    99.346      0.13583E-02
    99.745      0.12022E-02
    100.00      0.99907E-03
    100.00       0.0000    
    100.25       0.0000    
    100.53       0.0000    
    100.85       0.0000    
    101.20       0.0000    
    101.59       0.0000    
    102.03       0.0000    
    102.52       0.0000    
    103.07       0.0000    
    103.68       0.0000    
    104.36       0.0000    
    105.12       0.0000    
    105.97       0.0000    
    106.92       0.0000    
    107.97       0.0000    
    109.15       0.0000    
    110.47       0.0000    
    111.94       0.0000    
    113.58       0.0000    
    115.42       0.0000    
    117.46       0.0000    
    119.74       0.0000    
    122.29       0.0000    
    125.13       0.0000    
    128.31       0.0000    
    131.85       0.0000    
    135.81       0.0000    
    140.22       0.0000    
    145.14       0.0000    
    150.64       0.0000    
    156.78       0.0000    
    163.62       0.0000    
    171.26       0.0000    
    179.79       0.0000    
    189.31       0.0000    
    199.93       0.0000    

